3018
4262
3841
3294
3840
3041
3944
3808
4177
1995
3488
3868
3752
3810
3564
3227
3131
3672
3303
3634
2986
3943
3778
3195
3777
3748
3692
4582
4847
4288
3073
3272
2984
3735
4054
3746
3477
3530
4672
4498
2967
3277
4221
3810
3997
3312
3744
2702
3835
4494
4569
4158
4268
3371
3617
3121
4537
3296
3585
2675
3418
3835
4999
3579
4270
2345
3101
4275
3632
3861
3776
4762
4418
4011
5498
4957
4460
2878
3914
3782
3691
4234
4108
3582
3675
3372
3838
3748
4476
3941
3295
3466
2750
3995
3635
2773
3577
2370
4131
3175
2783
3510
3717
3130
3927
3660
3584
2490
3588
3736
3366
3231
4191
3799
3859
4271
4847
3980
3329
3621
3104
2524
3355
3613
2626
2494
3992
3752
4092
2812
3936
3500
3903
4172
3722
4206
3286
4287
4358
3953
4191
3581
2927
4010
3068
2974
3897
3219
3557
4515
2745
2642
2771
3416
3801
3781
2761
3394
3104
4006
4850
2980
3590
3451
4619
4386
4356
4071
3872
3157
3917
4854
4255
5094
3704
2992
4274
2710
3557
4528
5044
3583
3885
3008
3870
4017
2828
3589
2710
3803
4609
3423
4413
1977
4824
3458
2935
2588
3793
3535
3608
3304
3836
3127
3143
4065
2723
4241
3057
3856
3762
2808
3982
3916
3858
2928
2950
2978
4381
3744
4655
3715
2959
3115
3980
4712
3790
3436
4031
4755
3069
3864
3813
3368
3601
3901
3448
4546
4212
4233
3043
3847
4713
3810
2498
3239
2884
4364
3591
3626
3991
3097
4332
4093
4039
3653
3070
4052
3348
3991
4333
3659
3695
3544
3805
2936
4178
3418
5426
3735
2699
2866
3642
3971
3332
3030
4615
4801
3905
4193
3586
4479
4529
3684
4497
5099
3966
2771
3577
3516
2336
3121
4769
3840
3243
3807
4138
3787
3570
4561
4446
3515
4385
3310
4116
3920
2723
3224
3792
2345
4227
3289
3986
3894
4615
4250
4054
3470
3174
3351
2918
4902
3448
3628
2840
3285
3603
3213
3545
4308
2751
4091
3152
5705
3459
2687
4173
3912
3355
4358
3836
2641
3564
2653
4395
3417
4736
3478
3293
3871
3554
3424
3683
4093
4789
3193
3164
4287
3845
3378
3503
3786
3237
3697
3195
4123
4908
3121
4097
4297
3978
3836
5185
3066
3412
3449
5665
4298
3604
3132
3262
3211
2489
4049
3322
3178
4174
3967
3523
3964
3713
3450
3569
2943
3738
3184
3140
4581
4456
3857
3901
3770
4312
3519
4445
3586
4843
3337
4482
3689
2982
3595
3045
3026
4034
3049
4254
2398
4499
2966
4538
3516
3851
4152
3274
3157
3788
3653
4359
3559
4347
4182
3424
3895
3873
3957
3875
2731
2508
3083
4193
3733
4060
3397
3321
2080
3674
3918
5182
4201
3871
3296
3349
3607
3499
3051
3156
3395
3892
3594
4154
2116
2760
4066
3272
4083
4179
3009
2826
4464
3759
3434
3182
3367
4647
4449
3447
4539
3508
4416
3110
4023
3533
4896
3469
3721
3762
3230
3452
3674
3660
3044
3283
4961
2877
3814
4276
3325
4743
3382
4592
3322
3402
3561
3303
4091
3646
3829
4113
4522
3693
3309
3505
3798
2534
3644
4210
3278
4694
2220
3919
4249
3435
3511
2057
4026
2816
2206
3673
3215
2732
2857
4237
4450
3691
3448
3394
3377
4026
3323
3251
3374
4061
3153
3442
3514
2998
3879
4723
4635
3872
3801
4053
2717
2909
4451
3844
3127
4069
4243
3278
3287
3575
3319
2508
3453
2172
3552
4232
4125
2970
2951
2925
4507
3442
3342
3367
3043
3205
3176
2931
2609
4038
3034
3633
4998
2304
2869
3416
2451
3482
3239
3440
2821
3841
3478
4434
3343
3909
3131
3205
4138
4956
3918
3653
2707
2823
3186
3212
4241
4198
3860
4164
3335
2837
2517
3287
4302
4461
3892
3423
3753
4087
3026
3767
2680
4029
3963
3322
3446
3890
3976
3781
3820
3463
3823
3290
3541
4261
3669
3783
2808
4202
4173
4249
3594
4447
4372
3678
4077
4286
3624
4597
2779
3631
4278
2433
3520
3626
3007
3360
4242
3712
4111
2478
3132
3664
3911
3720
3006
3788
2541
3248
3749
3671
3234
3648
4535
3968
3927
3885
3437
2207
2900
3773
4078
4067
2710
3769
3396
3981
4835
4754
3091
4398
3374
3692
2373
3445
3644
3985
2942
3713
3452
2850
3610
3761
3847
4317
3376
3606
3777
4060
3332
3467
3307
3183
4324
2708
3489
4091
4331
3227
4107
2438
3818
4603
4087
1834
3720
3549
3991
4326
3072
3830
3719
3432
3818
3349
3528
5137
4300
2821
3407
2622
3259
1459
4071
3701
3090
3663
3758
3914
2910
3563
3250
2944
5357
3153
2292
3074
3758
4421
3983
3768
3798
3722
3927
3115
4689
3486
2873
3103
4949
3555
4675
3821
4120
4602
3219
3803
4157
4549
4126
3146
4404
3571
3603
4772
4004
3330
3824
3190
3847
3810
4347
3801
2706
3366
4883
3186
3923
3389
3577
3186
1939
4056
4693
3176
3684
4960
3952
4977
4155
3041
2571
3510
3302
3899
4914
4104
3600
3108
3240
4048
4259
2204
3677
2464
3558
3308
3474
3979
2494
4103
3265
4540
4316
3339
4890
4542
3273
3579
3424
3944
2945
4082
3887
3187
3453
3946
4078
4640
3071
4352
3078
3588
4519
3347
2702
3310
3996
3515
4025
3387
4131
3109
3392
3684
3114
4658
4183
5217
3032
3197
3178
3946
4006
4529
3064
4250
2394
4374
4039
3506
4006
4327
3588
3365
3704
4229
4062
5078
3831
4514
3985
3972
3839
4248
2723
3693
4273
3584
3483
4665
3794
3547
4297
2674
2542
4327
3924
4410
4583
3297
3155
4069
4120
4025
3922
3007
4162
2650
3349
4477
3106
3876
4365
3614
2832
4622
3165
3765
2304
4247
4930
3489
2432
2857
3757
3142
3612
2376
3067
3477
2671
4632
3545
3279
3636
4614
4446
4352
3863
3616
2726
3822
2897
4047
3532
4118
5656
4136
4045
3827
3525
3687
4396
5050
3099
3667
3662
3487
3284
3790
4433
3180
3958
3811
4409
4077
3123
3922
3623
3220
2276
3699
4056
3697
2592
3986
4190
3272
3918
4121
4397
3283
3717
3750
4243
4090
3159
4509
3962
3310
2722
4204
3253
3274
2714
3643
4676
3443
4125
4381
3705
3757
3429
3851
4236
3904
3943
3439
3894
4384
4276
3920
3091
3703
3246
3496
2568
3559
3732
3361
3830
2740
3850
3436
4156
3715
3262
4634
3747
2928
3676
3112
4095
3736
3255
4443
3536
3657
4099
4074
2371
3974
3285
3791
4734
3947
4479
4021
2959
3914
3880
4741
3913
3365
2877
2306
3453
3234
3320
3107
3198
4516
2653
2738
3580
3862
3769
3671
3931
2688
5523
3968
3727
3075
2829
3816
3647
3246
2680
3812
2428
3644
3800
3336
3024
4171
3892
2458
3494
3762
4611
4517
2923
3432
3663
4079
3155
2917
3573
3996
4509
3361
3283
3743
3488
3879
3721
4795
3295
2864
3377
2717
2503
4109
4614
2449
3530
4326
4049
3948
3509
2825
3152
2468
4163
3422
3457
2101
3336
3158
3737
4079
4831
4405
3894
2526
4324
3012
2259
4075
3940
2682
5363
3765
5149
4212
3325
3471
2404
3547
4326
3899
2943
3914
3775
2606
3190
4058
4218
3776
3276
3613
4079
3694
4018
3546
3535
4125
3737
3691
2824
2710
4069
3574
4405
4037
4054
4027
2989
3753
5034
3415
4061
4714
3541
4018
3852
4079
3542
3209
4258
2501
3252
3415
3115
3102
4653
3548
3449
3613
3941
4445
3503
4094
3994
4134
2328
3585
3453
3572
3693
4216
5328
4293
4604
4119
4021
2689
3975
2564
4457
3503
3615
2515
4750
4127
4029
3690
4356
4202
2750
4231
3195
3303
2635
4218
4598
3765
2780
3453
3027
3410
4532
3619
3577
2928
4748
4269
2898
4289
3906
2774
3222
5235
4247
4515
2882
3280
4293
3302
3220
3863
3049
2483
2943
4222
2622
5033
3838
3899
3217
4655
4546
3821
4051
2415
3231
4356
4415
3990
2954
2952
3674
3548
4939
4407
4493
3162
3235
4070
3643
4517
3497
4255
3903
3244
2913
3586
3077
4149
3074
3476
4923
3319
3784
3622
2823
4085
4218
4237
4457
2033
3536
3527
4177
4202
3177
3860
4058
3655
3834
4396
2882
3175
3816
2808
3106
3351
3718
3146
3642
4064
3408
4343
3962
3380
3033
3324
4687
3932
3693
4784
3470
2714
4170
3411
3509
4679
3738
3852
2789
4415
3351
3900
3580
3689
2766
3939
3446
4111
3618
4724
4443
3405
3741
4465
3342
4516
3236
3502
3618
4116
3861
3278
2989
3611
4209
3339
3637
3447
4028
4004
3273
3905
3486
3053
3269
3395
4094
4940
2782
3136
4550
4189
3100
3520
2720
3656
3130
4427
3654
3477
4130
2856
4088
3325
4055
4451
5568
4053
3330
3910
4763
5348
4799
3039
2566
4299
4199
2041
3329
4242
3627
3926
3132
4265
2936
3396
1922
3233
4476
3184
3752
3190
3845
2507
4761
3101
3961
2633
3546
2481
3095
3516
3146
3164
5023
3583
3354
3539
3790
3642
3993
5546
2967
2985
3707
3018
3012
4501
3154
5260
4193
2889
3011
3960
2885
4883
4967
3131
3936
4512
4323
3611
3619
4222
2614
3280
3361
3517
3605
4407
4293
4945
4891
4458
4353
2911
4075
2931
4349
3383
3129
4599
3369
2690
3571
3260
3468
3873
4030
2953
3855
2953
4189
3014
3878
3266
3808
3871
2817
3889
3374
3237
3944
3810
2770
3388
3627
3953
4211
4067
2974
4491
3667
4116
4589
3396
3035
4598
3259
2993
2536
4098
4073
4787
3883
3308
3642
3822
3606
2912
4359
4048
4291
3891
3462
3667
2914
2414
3417
2991
3112
3274
3947
3445
3253
3848
3347
3971
3448
2992
3679
3884
4621
4516
2162
4622
2973
3477
4019
4214
4412
3532
3763
3882
3581
2826
4001
3357
4423
4802
4137
3385
3772
3443
3757
2684
4021
3339
2749
3814
4394
3507
2149
4429
4161
4562
3277
3204
4446
3546
4517
3511
3812
3716
2944
3849
4897
3211
3276
3180
3446
2875
2289
4945
4830
3433
3615
4087
2903
4287
3817
3282
4190
3851
3458
4031
3781
5282
4227
2973
3911
3189
4098
4141
3741
4037
4115
4859
3767
3918
2692
4287
4611
3168
3581
3504
4014
3823
3529
3066
2539
4359
2541
3378
3239
4309
4415
4623
4268
3692
3464
2746
3514
4570
3983
4032
2338
3513
4934
4265
3978
3011
3729
3887
4120
3303
4100
4342
2663
4007
3458
3445
4109
3456
3670
2939
4457
3442
3943
4042
4264
3508
3899
3656
2990
3200
3824
2745
4332
2947
2220
3911
3292
3512
3498
4417
2112
3865
4830
4165
3579
3180
2982
3371
3315
3687
4653
2784
4218
4454
4422
3519
3683
3739
3236
3255
4511
3800
3332
3721
4147
3085
4817
3367
3414
3442
2909
3961
4010
4214
5454
3529
4618
4452
3342
4735
2294
2842
3352
2951
4328
2351
1952
4059
4009
4409
3184
3615
4667
3622
3503
3670
3257
2660
3530
2802
3706
3944
3220
3336
3004
3523
3627
3190
4536
4296
3974
4820
3508
4003
4034
4296
4156
2817
3745
2788
4725
2453
4303
2761
4270
3031
3391
4151
4236
4166
4567
3069
3902
4692
3942
3357
2832
4316
4062
3966
3382
3516
2495
4332
4045
3745
2738
3625
2585
4024
3414
3753
2587
3827
3140
3048
2564
4460
4646
3503
4929
3838
3819
3122
2791
4010
3115
4451
2856
4259
3446
3122
2483
4385
3823
3894
2930
3253
3338
4219
2884
3377
3313
4278
2748
3711
3636
4182
3316
4244
3921
2531
3289
4040
3799
4140
3633
3327
3108
3668
4975
2758
3909
3408
3627
4239
4691
5030
3595
3264
3972
3738
3952
2916
3558
4091
3375
3772
2993
2962
4666
4308
3429
4391
3649
3697
5321
4237
3536
3937
3811
4213
3617
3280
3831
2919
2789
3463
3607
4245
4176
3295
3617
3428
2654
2963
3620
3505
3298
3724
3217
4413
3756
3754
3939
4272